[[1. 1. 1. 1.]
 [1. 1. 1. 1.]
 [1. 1. 1. 1.]
 [1. 1. 1. 1.]
 [1. 1. 1. 1.]
 [1. 1. 1. 1.]
 [1. 1. 1. 1.]
 [1. 1. 1. 1.]
 [1. 1. 1. 1.]
 [1. 1. 1. 1.]
 [1. 1. 1. 1.]
 [1. 1. 1. 1.]
 [1. 1. 1. 1.]
 [1. 1. 1. 1.]
 [1. 1. 1. 1.]
 [1. 1. 1. 1.]][[1. 1. 1. 1.]
 [1. 1. 1. 1.]
 [1. 1. 1. 1.]
 [1. 1. 1. 1.]
 [1. 1. 1. 1.]
 [1. 1. 1. 1.]
 [1. 1. 1. 1.]
 [1. 1. 1. 1.]
 [1. 1. 1. 1.]
 [1. 1. 1. 1.]
 [1. 1. 1. 1.]
 [1. 1. 1. 1.]
 [1. 1. 1. 1.]
 [1. 1. 1. 1.]
 [1. 1. 1. 1.]
 [1. 1. 1. 1.]][[1.         1.         1.         1.        ]
 [0.9882353  0.9882353  0.9882353  1.        ]
 [0.85882354 0.85882354 0.85882354 1.        ]
 [0.84705883 0.84705883 0.84705883 1.        ]
 [0.98039216 0.98039216 0.98039216 1.        ]
 [1.         1.         1.         1.        ]
 [1.         1.         1.         1.        ]
 [1.         1.         1.         1.        ]
 [1.         1.         1.         1.        ]
 [1.         1.         1.         1.        ]
 [1.         1.         1.         1.        ]
 [1.         1.         1.         1.        ]
 [1.         1.         1.         1.        ]
 [1.         1.         1.         1.        ]
 [1.         1.         1.         1.        ]
 [1.         1.         1.         1.        ]][[0.9764706  0.9764706  0.9764706  1.        ]
 [0.43137255 0.43137255 0.43137255 1.        ]
 [0.85882354 0.85882354 0.85882354 1.        ]
 [0.7137255  0.7137255  0.7137255  1.        ]
 [0.4117647  0.4117647  0.4117647  1.        ]
 [0.99215686 0.99215686 0.99215686 1.        ]
 [1.         1.         1.         1.        ]
 [1.         1.         1.         1.        ]
 [1.         1.         1.         1.        ]
 [1.         1.         1.         1.        ]
 [1.         1.         1.         1.        ]
 [1.         1.         1.         1.        ]
 [1.         1.         1.         1.        ]
 [1.         1.         1.         1.        ]
 [1.         1.         1.         1.        ]
 [1.         1.         1.         1.        ]][[0.8627451  0.8627451  0.8627451  1.        ]
 [0.08627451 0.08627451 0.08627451 1.        ]
 [0.9411765  0.9411765  0.9411765  1.        ]
 [0.87058824 0.87058824 0.87058824 1.        ]
 [0.19607843 0.19607843 0.19607843 1.        ]
 [0.972549   0.972549   0.972549   1.        ]
 [1.         1.         1.         1.        ]
 [1.         1.         1.         1.        ]
 [1.         1.         1.         1.        ]
 [1.         1.         1.         1.        ]
 [1.         1.         1.         1.        ]
 [1.         1.         1.         1.        ]
 [1.         1.         1.         1.        ]
 [1.         1.         1.         1.        ]
 [1.         1.         1.         1.        ]
 [1.         1.         1.         1.        ]][[0.9607843  0.9607843  0.9607843  1.        ]
 [0.28627452 0.28627452 0.28627452 1.        ]
 [0.3254902  0.3254902  0.3254902  1.        ]
 [0.5294118  0.5294118  0.5294118  1.        ]
 [0.8745098  0.8745098  0.8745098  1.        ]
 [1.         1.         1.         1.        ]
 [1.         1.         1.         1.        ]
 [1.         1.         1.         1.        ]
 [1.         1.         1.         1.        ]
 [1.         1.         1.         1.        ]
 [1.         1.         1.         1.        ]
 [1.         1.         1.         1.        ]
 [1.         1.         1.         1.        ]
 [1.         1.         1.         1.        ]
 [1.         1.         1.         1.        ]
 [1.         1.         1.         1.        ]][[1.        1.        1.        1.       ]
 [0.7490196 0.7490196 0.7490196 1.       ]
 [0.4       0.4       0.4       1.       ]
 [0.        0.        0.        1.       ]
 [0.5137255 0.5137255 0.5137255 1.       ]
 [0.972549  0.972549  0.972549  1.       ]
 [1.        1.        1.        1.       ]
 [1.        1.        1.        1.       ]
 [1.        1.        1.        1.       ]
 [1.        1.        1.        1.       ]
 [1.        1.        1.        1.       ]
 [1.        1.        1.        1.       ]
 [1.        1.        1.        1.       ]
 [1.        1.        1.        1.       ]
 [1.        1.        1.        1.       ]
 [1.        1.        1.        1.       ]][[0.79607844 0.79607844 0.79607844 1.        ]
 [0.3647059  0.3647059  0.3647059  1.        ]
 [0.99215686 0.99215686 0.99215686 1.        ]
 [0.81960785 0.81960785 0.81960785 1.        ]
 [0.         0.         0.         1.        ]
 [0.7529412  0.7529412  0.7529412  1.        ]
 [1.         1.         1.         1.        ]
 [1.         1.         1.         1.        ]
 [1.         1.         1.         1.        ]
 [1.         1.         1.         1.        ]
 [1.         1.         1.         1.        ]
 [1.         1.         1.         1.        ]
 [1.         1.         1.         1.        ]
 [1.         1.         1.         1.        ]
 [1.         1.         1.         1.        ]
 [1.         1.         1.         1.        ]][[0.65882355 0.65882355 0.65882355 1.        ]
 [0.50980395 0.50980395 0.50980395 1.        ]
 [1.         1.         1.         1.        ]
 [1.         1.         1.         1.        ]
 [0.2784314  0.2784314  0.2784314  1.        ]
 [0.78431374 0.78431374 0.78431374 1.        ]
 [1.         1.         1.         1.        ]
 [1.         1.         1.         1.        ]
 [1.         1.         1.         1.        ]
 [1.         1.         1.         1.        ]
 [1.         1.         1.         1.        ]
 [1.         1.         1.         1.        ]
 [1.         1.         1.         1.        ]
 [1.         1.         1.         1.        ]
 [1.         1.         1.         1.        ]
 [1.         1.         1.         1.        ]][[0.9254902  0.9254902  0.9254902  1.        ]
 [0.43137255 0.43137255 0.43137255 1.        ]
 [0.73333335 0.73333335 0.73333335 1.        ]
 [0.69411767 0.69411767 0.69411767 1.        ]
 [0.62352943 0.62352943 0.62352943 1.        ]
 [0.9882353  0.9882353  0.9882353  1.        ]
 [1.         1.         1.         1.        ]
 [1.         1.         1.         1.        ]
 [1.         1.         1.         1.        ]
 [1.         1.         1.         1.        ]
 [1.         1.         1.         1.        ]
 [1.         1.         1.         1.        ]
 [1.         1.         1.         1.        ]
 [1.         1.         1.         1.        ]
 [1.         1.         1.         1.        ]
 [1.         1.         1.         1.        ]][[1.         1.         1.         1.        ]
 [1.         1.         1.         1.        ]
 [0.95686275 0.95686275 0.95686275 1.        ]
 [0.98039216 0.98039216 0.98039216 1.        ]
 [1.         1.         1.         1.        ]
 [1.         1.         1.         1.        ]
 [1.         1.         1.         1.        ]
 [1.         1.         1.         1.        ]
 [1.         1.         1.         1.        ]
 [1.         1.         1.         1.        ]
 [1.         1.         1.         1.        ]
 [1.         1.         1.         1.        ]
 [1.         1.         1.         1.        ]
 [1.         1.         1.         1.        ]
 [1.         1.         1.         1.        ]
 [1.         1.         1.         1.        ]][[1. 1. 1. 1.]
 [1. 1. 1. 1.]
 [1. 1. 1. 1.]
 [1. 1. 1. 1.]
 [1. 1. 1. 1.]
 [1. 1. 1. 1.]
 [1. 1. 1. 1.]
 [1. 1. 1. 1.]
 [1. 1. 1. 1.]
 [1. 1. 1. 1.]
 [1. 1. 1. 1.]
 [1. 1. 1. 1.]
 [1. 1. 1. 1.]
 [1. 1. 1. 1.]
 [1. 1. 1. 1.]
 [1. 1. 1. 1.]][[1. 1. 1. 1.]
 [1. 1. 1. 1.]
 [1. 1. 1. 1.]
 [1. 1. 1. 1.]
 [1. 1. 1. 1.]
 [1. 1. 1. 1.]
 [1. 1. 1. 1.]
 [1. 1. 1. 1.]
 [1. 1. 1. 1.]
 [1. 1. 1. 1.]
 [1. 1. 1. 1.]
 [1. 1. 1. 1.]
 [1. 1. 1. 1.]
 [1. 1. 1. 1.]
 [1. 1. 1. 1.]
 [1. 1. 1. 1.]][[1. 1. 1. 1.]
 [1. 1. 1. 1.]
 [1. 1. 1. 1.]
 [1. 1. 1. 1.]
 [1. 1. 1. 1.]
 [1. 1. 1. 1.]
 [1. 1. 1. 1.]
 [1. 1. 1. 1.]
 [1. 1. 1. 1.]
 [1. 1. 1. 1.]
 [1. 1. 1. 1.]
 [1. 1. 1. 1.]
 [1. 1. 1. 1.]
 [1. 1. 1. 1.]
 [1. 1. 1. 1.]
 [1. 1. 1. 1.]][[1. 1. 1. 1.]
 [1. 1. 1. 1.]
 [1. 1. 1. 1.]
 [1. 1. 1. 1.]
 [1. 1. 1. 1.]
 [1. 1. 1. 1.]
 [1. 1. 1. 1.]
 [1. 1. 1. 1.]
 [1. 1. 1. 1.]
 [1. 1. 1. 1.]
 [1. 1. 1. 1.]
 [1. 1. 1. 1.]
 [1. 1. 1. 1.]
 [1. 1. 1. 1.]
 [1. 1. 1. 1.]
 [1. 1. 1. 1.]][[1. 1. 1. 1.]
 [1. 1. 1. 1.]
 [1. 1. 1. 1.]
 [1. 1. 1. 1.]
 [1. 1. 1. 1.]
 [1. 1. 1. 1.]
 [1. 1. 1. 1.]
 [1. 1. 1. 1.]
 [1. 1. 1. 1.]
 [1. 1. 1. 1.]
 [1. 1. 1. 1.]
 [1. 1. 1. 1.]
 [1. 1. 1. 1.]
 [1. 1. 1. 1.]
 [1. 1. 1. 1.]
 [1. 1. 1. 1.]]